38
108
76
101
53
109
44
56
58
74
63
12
48
119
47
104
69
6
82
95
95
68
128
127
87
59
75
73
80
64
44
100
52
1
92
66
62
2
77
5
60
89
57
25
34
40
42
81
90
98
113
54
65
54
47
48
40
9
13
52
9
100
77
47
97
15
25
1
51
96
9
105
22
64
56
38
122
49
119
113
79
101
20
128
41
95
119
20
74
120
19
95
7
109
13
28
9
92
103
21
43
118
27
115
41
50
17
77
91
79
83
25
31
30
23
55
123
116
39
7
106
103
96
123
127
21
110
53
102
108
56
114
109
96
53
81
47
123
95
17
10
63
10
50
101
116
18
74
72
101
45
61
101
17
89
118
123
27
79
65
73
32
45
110
60
91
97
76
96
119
15
57
84
113
37
84
20
14
73
85
127
93
48
87
48
119
80
117
73
72
45
117
81
51
94
73
125
92
111
8
