21
9
62
92
96
1
22
33
86
3
4
82
26
72
100
49
36
68
93
5
97
78
73
29
47
17
82
9
67
15
93
32
43
74
49
4
21
48
68
15
92
8
53
93
43
18
79
41
71
3
93
36
81
70
93
14
37
43
16
8
71
13
93
72
80
44
57
49
23
3
41
40
16
29
60
32
37
97
21
8
17
51
40
6
54
51
85
21
46
2
10
57
48
86
32
41
18
55
36
14
74
9
26
76
18
37
16
25
64
7
55
53
8
78
66
67
34
15
25
19
49
39
6
20
49
10
25
24
67
29
20
15
31
84
28
76
16
17
58
31
73
96
99
34
5
45
26
22
68
54
17
16
97
38
61
47
39
62
84
78
78
22
79
66
64
18
15
27
97
55
83
47
26
27
56
9
31
69
50
22
9
15
91
14
37
15
60
94
57
3
3
19
5
77
63
63
11
91
62
75
